At time 0.000000-70.000000 -70.000000 -70.000000 -70.000000 -70.000000 -70.000000 -70.000000 -70.000000 -70.000000 -70.000000 
At time 0.100000-70.000000 -70.000000 -70.000000 -70.000000 -53.333332 -70.000000 -70.000000 -70.000000 -70.000000 -70.000000 
At time 0.200000-70.000000 -70.000000 -70.000000 -70.000000 -36.833332 -70.000000 -70.000000 -70.000000 -70.000000 -70.000000 
At time 0.300000-70.000000 -70.000000 -70.000000 -70.000000 -20.498331 -70.000000 -70.000000 -70.000000 -70.000000 -70.000000 
At time 0.400000-70.000000 -70.000000 -70.000000 -53.333332 -4.326682 -70.000000 -70.000000 -70.000000 -70.000000 -70.000000 
At time 0.500000-70.000000 -70.000000 -70.000000 -36.833332 11.683251 -70.000000 -70.000000 -70.000000 -70.000000 -70.000000 
At time 0.600000-70.000000 -70.000000 -70.000000 -20.498331 4 Spiked-70.000000 -70.000000 -70.000000 -70.000000 -70.000000 -70.000000 
At time 0.700000-70.000000 -70.000000 -70.000000 -4.326682 -70.000000 -70.000000 -70.000000 -70.000000 -70.000000 -70.000000 
At time 0.800000-70.000000 -70.000000 -53.333332 11.683251 -70.000000 -70.000000 -70.000000 -70.000000 -70.000000 -70.000000 
At time 0.900000-70.000000 -70.000000 -36.833332 3 Spiked-70.000000 -70.000000 -70.000000 -70.000000 -70.000000 -70.000000 -70.000000 
At time 1.000000-70.000000 -70.000000 -20.498331 -70.000000 -70.000000 -70.000000 -70.000000 -70.000000 -70.000000 -70.000000 
At time 1.100000-70.000000 -70.000000 -4.326682 -70.000000 -70.000000 -70.000000 -70.000000 -70.000000 -70.000000 -70.000000 
At time 1.200000-70.000000 -70.000000 11.683251 -70.000000 -70.000000 -70.000000 -70.000000 -70.000000 -70.000000 -70.000000 
At time 1.300000-70.000000 -70.000000 2 Spiked-70.000000 -70.000000 -70.000000 -70.000000 -70.000000 -70.000000 -70.000000 -70.000000 
At time 1.400000-70.000000 -70.000000 -70.000000 -70.000000 -70.000000 -70.000000 -70.000000 -70.000000 -70.000000 -70.000000 
At time 1.500000-70.000000 -70.000000 -70.000000 -70.000000 -70.000000 -70.000000 -70.000000 -70.000000 -70.000000 -70.000000 
At time 1.600000-70.000000 -70.000000 -70.000000 -70.000000 -70.000000 -70.000000 -70.000000 -70.000000 -70.000000 -70.000000 
At time 1.700000-70.000000 -70.000000 -70.000000 -70.000000 -70.000000 -69.980331 -70.000000 -70.000000 -70.000000 -70.000000 
At time 1.800000-70.000000 -70.000000 -70.000000 -70.000000 -70.000000 -69.941833 -70.000000 -70.000000 -70.000000 -70.000000 
At time 1.900000-70.000000 -70.000000 -70.000000 -70.000000 -70.000000 -69.885330 -70.000000 -70.000000 -70.000000 -70.000000 
At time 2.000000-70.000000 -70.000000 -70.000000 -70.000000 -70.000000 -69.811615 -70.000000 -70.000000 -70.000000 -70.000000 
At time 2.100000-70.000000 -70.000000 -70.000000 -70.000000 -70.000000 -69.721458 -70.000000 -70.000000 -70.000000 -70.000000 
At time 2.200000-70.000000 -70.000000 -70.000000 -70.000000 -70.000000 -69.615601 -70.000000 -70.000000 -70.000000 -70.000000 
At time 2.300000-70.000000 -70.000000 -70.000000 -70.000000 -70.000000 -69.494759 -70.000000 -70.000000 -70.000000 -70.000000 
At time 2.400000-70.000000 -69.980331 -70.000000 -70.000000 -70.000000 -69.359634 -70.000000 -70.000000 -70.000000 -70.000000 
At time 2.500000-70.000000 -69.941833 -70.000000 -70.000000 -70.000000 -69.210899 -70.000000 -70.000000 -70.000000 -70.000000 
At time 2.600000-70.000000 -69.885330 -70.000000 -70.000000 -70.000000 -69.049210 -70.000000 -70.000000 -70.000000 -70.000000 
At time 2.700000-70.000000 -69.811615 -70.000000 -70.000000 -70.000000 -68.875198 -70.000000 -70.000000 -70.000000 -70.000000 
At time 2.800000-70.000000 -69.721458 -70.000000 -70.000000 -70.000000 -68.689476 -70.000000 -70.000000 -70.000000 -70.000000 
At time 2.900000-70.000000 -69.615601 -70.000000 -70.000000 -70.000000 -68.492638 -70.000000 -70.000000 -70.000000 -70.000000 
At time 3.000000-70.000000 -69.494759 -70.000000 -70.000000 -70.000000 -68.285255 -70.000000 -70.000000 -70.000000 -70.000000 
At time 3.100000-70.000000 -69.359634 -70.000000 -70.000000 -70.000000 -68.067886 -70.000000 -70.000000 -70.000000 -70.000000 
At time 3.200000-70.000000 -69.210899 -70.000000 -70.000000 -70.000000 -67.841064 -70.000000 -70.000000 -70.000000 -70.000000 
At time 3.300000-70.000000 -69.049210 -70.000000 -70.000000 -70.000000 -67.605309 -70.000000 -70.000000 -70.000000 -70.000000 
At time 3.400000-70.000000 -68.875198 -70.000000 -70.000000 -70.000000 -67.361122 -70.000000 -70.000000 -70.000000 -70.000000 
At time 3.500000-70.000000 -68.689476 -70.000000 -70.000000 -70.000000 -67.108986 -70.000000 -70.000000 -70.000000 -70.000000 
At time 3.600000-70.000000 -68.492638 -70.000000 -70.000000 -70.000000 -66.849365 -70.000000 -70.000000 -70.000000 -70.000000 
At time 3.700000-70.000000 -68.285255 -70.000000 -70.000000 -70.000000 -66.582726 -70.000000 -70.000000 -70.000000 -70.000000 
At time 3.800000-70.000000 -68.067886 -70.000000 -70.000000 -70.000000 -66.309494 -70.000000 -70.000000 -70.000000 -70.000000 
At time 3.900000-70.000000 -67.841064 -70.000000 -70.000000 -70.000000 -66.030098 -70.000000 -70.000000 -70.000000 -70.000000 
At time 4.000000-70.000000 -67.605309 -70.000000 -70.000000 -70.000000 -65.744949 -70.000000 -70.000000 -70.000000 -70.000000 
At time 4.100000-70.000000 -67.361122 -70.000000 -70.000000 -70.000000 -65.454437 -70.000000 -70.000000 -70.000000 -70.000000 
At time 4.200000-70.000000 -67.108986 -70.000000 -70.000000 -70.000000 -65.158943 -70.000000 -70.000000 -70.000000 -70.000000 
At time 4.300000-70.000000 -66.849365 -70.000000 -70.000000 -70.000000 -64.858833 -70.000000 -70.000000 -70.000000 -70.000000 
At time 4.400000-70.000000 -66.582726 -70.000000 -70.000000 -70.000000 -64.554466 -70.000000 -70.000000 -70.000000 -70.000000 
At time 4.500000-70.000000 -66.309494 -70.000000 -70.000000 -70.000000 -64.246185 -70.000000 -70.000000 -70.000000 -70.000000 
At time 4.600000-70.000000 -66.030098 -70.000000 -70.000000 -70.000000 -63.934322 -70.000000 -70.000000 -70.000000 -70.000000 
At time 4.700000-70.000000 -65.744949 -70.000000 -70.000000 -70.000000 -63.619194 -70.000000 -70.000000 -70.000000 -70.000000 
At time 4.800000-70.000000 -65.454437 -70.000000 -70.000000 -70.000000 -63.301109 -70.000000 -70.000000 -70.000000 -70.000000 
At time 4.900000-70.000000 -65.158943 -70.000000 -70.000000 -70.000000 -62.980362 -70.000000 -70.000000 -70.000000 -70.000000 
At time 5.000000-70.000000 -64.858833 -70.000000 -70.000000 -70.000000 -62.657242 -70.000000 -70.000000 -70.000000 -70.000000 
At time 5.100000-70.000000 -64.554466 -70.000000 -70.000000 -70.000000 -62.332020 -70.000000 -70.000000 -70.000000 -70.000000 
At time 5.200000-70.000000 -64.246185 -70.000000 -70.000000 -70.000000 -62.004963 -70.000000 -70.000000 -70.000000 -70.000000 
At time 5.300000-70.000000 -63.934322 -70.000000 -70.000000 -70.000000 -61.676331 -70.000000 -70.000000 -70.000000 -70.000000 
At time 5.400000-70.000000 -63.619194 -70.000000 -70.000000 -70.000000 -61.346367 -70.000000 -70.000000 -70.000000 -70.000000 
At time 5.500000-70.000000 -63.301109 -70.000000 -70.000000 -70.000000 -61.015305 -70.000000 -70.000000 -70.000000 -70.000000 
At time 5.600000-70.000000 -62.980362 -70.000000 -70.000000 -70.000000 -60.683376 -70.000000 -70.000000 -70.000000 -70.000000 
At time 5.700000-70.000000 -62.657242 -70.000000 -70.000000 -70.000000 -60.350800 -70.000000 -70.000000 -70.000000 -70.000000 
At time 5.800000-70.000000 -62.332020 -70.000000 -70.000000 -70.000000 -60.017788 -70.000000 -70.000000 -70.000000 -70.000000 
At time 5.900000-70.000000 -62.004963 -70.000000 -70.000000 -70.000000 -59.684544 -70.000000 -70.000000 -70.000000 -70.000000 
At time 6.000000-70.000000 -61.656658 -70.000000 -70.000000 -70.000000 -59.331589 -70.000000 -70.000000 -70.000000 -70.000000 
At time 6.100000-70.000000 -61.288197 -70.000000 -70.000000 -70.000000 -58.959957 -70.000000 -70.000000 -70.000000 -70.000000 
At time 6.200000-70.000000 -60.900635 -70.000000 -70.000000 -70.000000 -58.570648 -70.000000 -70.000000 -70.000000 -70.000000 
At time 6.300000-70.000000 -60.494995 -70.000000 -70.000000 -70.000000 -58.164627 -70.000000 -70.000000 -70.000000 -70.000000 
At time 6.400000-70.000000 -60.072262 -70.000000 -70.000000 -70.000000 -57.742825 -70.000000 -70.000000 -70.000000 -70.000000 
At time 6.500000-70.000000 -59.633389 -70.000000 -70.000000 -70.000000 -57.306149 -70.000000 -70.000000 -70.000000 -70.000000 
At time 6.600000-70.000000 -59.179302 -70.000000 -70.000000 -70.000000 -56.855469 -70.000000 -70.000000 -70.000000 -70.000000 
At time 6.700000-70.000000 -58.710892 -70.000000 -70.000000 -70.000000 -56.391628 -70.000000 -70.000000 -70.000000 -70.000000 
At time 6.800000-70.000000 -58.229023 -70.000000 -70.000000 -70.000000 -55.915440 -70.000000 -70.000000 -70.000000 -70.000000 
At time 6.900000-70.000000 -57.734528 -70.000000 -70.000000 -70.000000 -55.427696 -70.000000 -70.000000 -70.000000 -70.000000 
At time 7.000000-70.000000 -57.228210 -70.000000 -70.000000 -70.000000 -54.929153 -70.000000 -70.000000 -70.000000 -70.000000 
At time 7.100000-70.000000 -56.710850 -70.000000 -70.000000 -70.000000 -54.420547 -70.000000 -70.000000 -70.000000 -70.000000 
At time 7.200000-70.000000 -56.183197 -70.000000 -70.000000 -70.000000 -53.902588 -70.000000 -70.000000 -70.000000 -70.000000 
At time 7.300000-70.000000 -55.645977 -70.000000 -70.000000 -70.000000 -53.375957 -70.000000 -70.000000 -70.000000 -70.000000 
At time 7.400000-70.000000 -55.099892 -70.000000 -70.000000 -70.000000 -52.841320 -70.000000 -70.000000 -70.000000 -70.000000 
At time 7.500000-70.000000 -54.545616 -70.000000 -70.000000 -70.000000 -52.299313 -70.000000 -70.000000 -70.000000 -70.000000 
At time 7.600000-70.000000 -53.983803 -70.000000 -70.000000 -70.000000 -51.750549 -70.000000 -70.000000 -70.000000 -70.000000 
At time 7.700000-70.000000 -53.415081 -70.000000 -70.000000 -70.000000 -51.195625 -70.000000 -70.000000 -70.000000 -70.000000 
At time 7.800000-70.000000 -52.840057 -70.000000 -70.000000 -70.000000 -50.635113 -70.000000 -70.000000 -70.000000 -70.000000 
At time 7.900000-70.000000 -52.259315 -70.000000 -70.000000 -70.000000 -50.069561 -70.000000 -70.000000 -70.000000 -70.000000 
At time 8.000000-70.000000 -51.673424 -70.000000 -70.000000 -70.000000 -49.499504 -70.000000 -70.000000 -70.000000 -70.000000 
At time 8.100000-70.000000 -51.082924 -70.000000 -70.000000 -70.000000 -48.925457 -70.000000 -70.000000 -70.000000 -70.000000 
At time 8.200000-70.000000 -50.488342 -70.000000 -70.000000 -70.000000 -48.347908 -70.000000 -70.000000 -70.000000 -70.000000 
At time 8.300000-70.000000 -49.890182 -70.000000 -70.000000 -70.000000 -47.767338 -70.000000 -70.000000 -70.000000 -70.000000 
At time 8.400000-70.000000 -49.288933 -70.000000 -70.000000 -70.000000 -47.184204 -70.000000 -70.000000 -70.000000 -70.000000 
At time 8.500000-70.000000 -48.685062 -70.000000 -70.000000 -70.000000 -46.598946 -70.000000 -70.000000 -70.000000 -70.000000 
At time 8.600000-70.000000 -48.079021 -70.000000 -70.000000 -70.000000 -46.011986 -70.000000 -70.000000 -70.000000 -70.000000 
At time 8.700000-70.000000 -47.471245 -70.000000 -70.000000 -70.000000 -45.423737 -70.000000 -70.000000 -70.000000 -70.000000 
At time 8.800000-70.000000 -46.862148 -70.000000 -70.000000 -70.000000 -44.834587 -70.000000 -70.000000 -70.000000 -70.000000 
At time 8.900000-70.000000 -46.252132 -70.000000 -70.000000 -70.000000 -44.244915 -70.000000 -70.000000 -70.000000 -70.000000 
At time 9.000000-70.000000 -45.641586 -70.000000 -70.000000 -70.000000 -43.655087 -70.000000 -70.000000 -70.000000 -70.000000 
At time 9.100000-70.000000 -45.030880 -70.000000 -70.000000 -70.000000 -43.065445 -70.000000 -70.000000 -70.000000 -70.000000 
At time 9.200000-70.000000 -44.420368 -70.000000 -70.000000 -70.000000 -42.476330 -70.000000 -70.000000 -70.000000 -70.000000 
At time 9.300000-70.000000 -43.810394 -70.000000 -70.000000 -70.000000 -41.888058 -70.000000 -70.000000 -70.000000 -70.000000 
At time 9.400000-70.000000 -43.201290 -70.000000 -70.000000 -70.000000 -41.281269 -70.000000 -70.000000 -70.000000 -70.000000 
At time 9.500000-70.000000 -42.593365 -70.000000 -70.000000 -70.000000 -40.657104 -70.000000 -70.000000 -70.000000 -70.000000 
At time 9.600000-70.000000 -41.986923 -70.000000 -70.000000 -70.000000 -40.016663 -70.000000 -70.000000 -70.000000 -70.000000 
At time 9.700000-70.000000 -41.362587 -70.000000 -70.000000 -70.000000 -39.361012 -70.000000 -70.000000 -70.000000 -70.000000 
At time 9.800000-70.000000 -40.721478 -70.000000 -70.000000 -70.000000 -38.691177 -70.000000 -70.000000 -70.000000 -70.000000 
At time 9.900000-70.000000 -40.064678 -70.000000 -70.000000 -70.000000 -38.008152 -70.000000 -70.000000 -70.000000 -70.000000 
At time 10.000000-70.000000 -39.393238 -70.000000 -70.000000 -70.000000 -37.312893 -70.000000 -70.000000 -70.000000 -70.000000 
At time 10.100000-70.000000 -38.708168 -70.000000 -70.000000 -70.000000 -36.606327 -70.000000 -70.000000 -70.000000 -70.000000 
At time 10.200000-70.000000 -38.010445 -70.000000 -70.000000 -70.000000 -35.889343 -70.000000 -70.000000 -70.000000 -70.000000 
At time 10.300000-70.000000 -37.301010 -70.000000 -70.000000 -70.000000 -35.162807 -70.000000 -70.000000 -70.000000 -70.000000 
At time 10.400000-70.000000 -36.580776 -70.000000 -70.000000 -70.000000 -34.427547 -70.000000 -70.000000 -70.000000 -70.000000 
At time 10.500000-70.000000 -35.850620 -70.000000 -70.000000 -70.000000 -33.684364 -70.000000 -70.000000 -70.000000 -70.000000 
At time 10.600000-70.000000 -35.111385 -70.000000 -70.000000 -70.000000 -32.934029 -70.000000 -70.000000 -70.000000 -70.000000 
At time 10.700000-70.000000 -34.363892 -70.000000 -70.000000 -70.000000 -32.177288 -70.000000 -70.000000 -70.000000 -70.000000 
At time 10.800000-70.000000 -33.608925 -70.000000 -70.000000 -70.000000 -31.414858 -70.000000 -70.000000 -70.000000 -70.000000 
At time 10.900000-70.000000 -32.847244 -70.000000 -70.000000 -70.000000 -30.647430 -70.000000 -70.000000 -70.000000 -70.000000 
At time 11.000000-70.000000 -32.079582 -70.000000 -70.000000 -70.000000 -29.875669 -70.000000 -70.000000 -70.000000 -70.000000 
At time 11.100000-70.000000 -31.306644 -70.000000 -70.000000 -70.000000 -29.100216 -70.000000 -70.000000 -70.000000 -70.000000 
At time 11.200000-70.000000 -30.529108 -70.000000 -70.000000 -70.000000 -28.321688 -70.000000 -70.000000 -70.000000 -70.000000 
At time 11.300000-70.000000 -29.747627 -70.000000 -70.000000 -70.000000 -27.540676 -70.000000 -70.000000 -70.000000 -70.000000 
At time 11.400000-70.000000 -28.962831 -70.000000 -70.000000 -70.000000 -26.757753 -70.000000 -70.000000 -70.000000 -70.000000 
At time 11.500000-70.000000 -28.175327 -70.000000 -70.000000 -70.000000 -25.973469 -70.000000 -70.000000 -70.000000 -70.000000 
At time 11.600000-70.000000 -27.385696 -70.000000 -70.000000 -70.000000 -25.188351 -70.000000 -70.000000 -70.000000 -70.000000 
At time 11.700000-70.000000 -26.594500 -70.000000 -70.000000 -70.000000 -24.402905 -70.000000 -70.000000 -70.000000 -70.000000 
At time 11.800000-70.000000 -25.802275 -70.000000 -70.000000 -70.000000 -23.617619 -70.000000 -70.000000 -70.000000 -70.000000 
At time 11.900000-70.000000 -25.009541 -70.000000 -70.000000 -70.000000 -22.832958 -70.000000 -70.000000 -70.000000 -70.000000 
At time 12.000000-70.000000 -24.216793 -70.000000 -70.000000 -70.000000 -22.049376 -70.000000 -70.000000 -70.000000 -70.000000 
At time 12.100000-70.000000 -23.424511 -70.000000 -70.000000 -70.000000 -21.267300 -70.000000 -70.000000 -70.000000 -70.000000 
At time 12.200000-70.000000 -22.633152 -70.000000 -70.000000 -70.000000 -20.487143 -70.000000 -70.000000 -70.000000 -70.000000 
At time 12.300000-70.000000 -21.843157 -70.000000 -70.000000 -70.000000 -19.709301 -70.000000 -70.000000 -70.000000 -70.000000 
At time 12.400000-70.000000 -21.054949 -70.000000 -70.000000 -70.000000 -18.934155 -70.000000 -70.000000 -70.000000 -70.000000 
At time 12.500000-70.000000 -20.268930 -70.000000 -70.000000 -70.000000 -18.162067 -70.000000 -70.000000 -70.000000 -70.000000 
At time 12.600000-70.000000 -19.485491 -70.000000 -70.000000 -70.000000 -17.393385 -70.000000 -70.000000 -70.000000 -70.000000 
At time 12.700000-70.000000 -18.705000 -70.000000 -70.000000 -70.000000 -16.628441 -70.000000 -70.000000 -70.000000 -70.000000 
At time 12.800000-70.000000 -17.927814 -70.000000 -70.000000 -70.000000 -15.867553 -70.000000 -70.000000 -70.000000 -70.000000 
At time 12.900000-70.000000 -17.154274 -70.000000 -70.000000 -70.000000 -15.111025 -70.000000 -70.000000 -70.000000 -70.000000 
At time 13.000000-70.000000 -16.384703 -70.000000 -70.000000 -70.000000 -14.359146 -70.000000 -70.000000 -70.000000 -70.000000 
At time 13.100000-70.000000 -15.619412 -70.000000 -70.000000 -70.000000 -13.612193 -70.000000 -70.000000 -70.000000 -70.000000 
At time 13.200000-70.000000 -14.858700 -70.000000 -70.000000 -70.000000 -12.870430 -70.000000 -70.000000 -70.000000 -70.000000 
At time 13.300000-70.000000 -14.102848 -70.000000 -70.000000 -70.000000 -12.134108 -70.000000 -70.000000 -70.000000 -70.000000 
At time 13.400000-70.000000 -13.352127 -70.000000 -70.000000 -70.000000 -11.403464 -70.000000 -70.000000 -70.000000 -70.000000 
At time 13.500000-70.000000 -12.606794 -70.000000 -70.000000 -70.000000 -10.678728 -70.000000 -70.000000 -70.000000 -70.000000 
At time 13.600000-70.000000 -11.867094 -70.000000 -70.000000 -70.000000 -9.960115 -70.000000 -70.000000 -70.000000 -70.000000 
At time 13.700000-70.000000 -11.133260 -70.000000 -70.000000 -70.000000 -9.247830 -70.000000 -70.000000 -70.000000 -70.000000 
At time 13.800000-70.000000 -10.405513 -70.000000 -70.000000 -70.000000 -8.542068 -70.000000 -70.000000 -70.000000 -70.000000 
At time 13.900000-70.000000 -9.684064 -70.000000 -70.000000 -70.000000 -7.843013 -70.000000 -70.000000 -70.000000 -70.000000 
At time 14.000000-70.000000 -8.969111 -70.000000 -70.000000 -70.000000 -7.150838 -70.000000 -70.000000 -70.000000 -70.000000 
At time 14.100000-70.000000 -8.260845 -70.000000 -70.000000 -70.000000 -6.465708 -70.000000 -70.000000 -70.000000 -70.000000 
At time 14.200000-70.000000 -7.559444 -70.000000 -70.000000 -70.000000 -5.787778 -70.000000 -70.000000 -70.000000 -70.000000 
At time 14.300000-70.000000 -6.865078 -70.000000 -70.000000 -70.000000 -5.117195 -70.000000 -70.000000 -70.000000 -70.000000 
At time 14.400000-70.000000 -6.177905 -70.000000 -70.000000 -70.000000 -4.454095 -70.000000 -70.000000 -70.000000 -70.000000 
At time 14.500000-70.000000 -5.498076 -70.000000 -70.000000 -70.000000 -3.798609 -70.000000 -70.000000 -70.000000 -70.000000 
At time 14.600000-70.000000 -4.825733 -70.000000 -70.000000 -70.000000 -3.150856 -70.000000 -70.000000 -70.000000 -70.000000 
At time 14.700000-70.000000 -4.161009 -70.000000 -70.000000 -70.000000 -2.510951 -70.000000 -70.000000 -70.000000 -70.000000 
At time 14.800000-70.000000 -3.504028 -70.000000 -70.000000 -70.000000 -1.878998 -70.000000 -70.000000 -70.000000 -70.000000 
At time 14.900000-70.000000 -2.854906 -70.000000 -70.000000 -70.000000 -1.255095 -70.000000 -70.000000 -70.000000 -70.000000 
At time 15.000000-70.000000 -2.213753 -70.000000 -70.000000 -70.000000 -0.639333 -70.000000 -70.000000 -70.000000 -70.000000 
At time 15.100000-70.000000 -1.580671 -70.000000 -70.000000 -70.000000 -0.031796 -70.000000 -70.000000 -70.000000 -70.000000 
At time 15.200000-70.000000 -0.955752 -70.000000 -70.000000 -70.000000 0.567437 -70.000000 -70.000000 -70.000000 -70.000000 
At time 15.300000-70.000000 -0.339086 -70.000000 -70.000000 -70.000000 1.158297 -70.000000 -70.000000 -70.000000 -70.000000 
At time 15.400000-70.000000 0.269250 -70.000000 -70.000000 -70.000000 1.740718 -70.000000 -70.000000 -70.000000 -70.000000 
At time 15.500000-70.000000 0.869179 -70.000000 -70.000000 -70.000000 2.314641 -70.000000 -70.000000 -70.000000 -70.000000 
At time 15.600000-70.000000 1.460636 -70.000000 -70.000000 -70.000000 2.880014 -70.000000 -70.000000 -70.000000 -70.000000 
At time 15.700000-70.000000 2.043557 -70.000000 -70.000000 -70.000000 3.436788 -70.000000 -70.000000 -70.000000 -70.000000 
At time 15.800000-70.000000 2.617888 -70.000000 -70.000000 -70.000000 3.984921 -70.000000 -70.000000 -70.000000 -70.000000 
At time 15.900000-70.000000 3.183579 -70.000000 -70.000000 -70.000000 4.524377 -70.000000 -70.000000 -70.000000 -70.000000 
At time 16.000000-70.000000 3.740586 -70.000000 -70.000000 -70.000000 5.055122 -70.000000 -70.000000 -70.000000 -70.000000 
At time 16.100000-70.000000 4.288868 -70.000000 -70.000000 -70.000000 5.577131 -70.000000 -70.000000 -70.000000 -70.000000 
At time 16.200000-70.000000 4.828392 -70.000000 -70.000000 -70.000000 6.090379 -70.000000 -70.000000 -70.000000 -70.000000 
At time 16.300000-70.000000 5.359129 -70.000000 -70.000000 -70.000000 6.594850 -70.000000 -70.000000 -70.000000 -70.000000 
At time 16.400000-70.000000 5.881054 -70.000000 -70.000000 -70.000000 7.090528 -70.000000 -70.000000 -70.000000 -70.000000 
At time 16.500000-70.000000 6.394147 -70.000000 -70.000000 -70.000000 7.577404 -70.000000 -70.000000 -70.000000 -70.000000 
At time 16.600000-70.000000 6.898392 -70.000000 -70.000000 -70.000000 8.055473 -70.000000 -70.000000 -70.000000 -70.000000 
At time 16.700000-70.000000 7.393778 -70.000000 -70.000000 -70.000000 8.524733 -70.000000 -70.000000 -70.000000 -70.000000 
At time 16.800000-70.000000 7.880298 -70.000000 -70.000000 -70.000000 8.985184 -70.000000 -70.000000 -70.000000 -70.000000 
At time 16.900000-70.000000 8.357948 -70.000000 -70.000000 -70.000000 9.436831 -70.000000 -70.000000 -70.000000 -70.000000 
At time 17.000000-70.000000 8.826729 -70.000000 -70.000000 -70.000000 9.879685 -70.000000 -70.000000 -70.000000 -70.000000 
At time 17.100000-70.000000 9.286644 -70.000000 -70.000000 -70.000000 10.313757 -70.000000 -70.000000 -70.000000 -70.000000 
At time 17.200000-70.000000 9.737700 -70.000000 -70.000000 -70.000000 10.739061 -70.000000 -70.000000 -70.000000 -70.000000 
At time 17.300000-70.000000 10.179910 -70.000000 -70.000000 -70.000000 11.155616 -70.000000 -70.000000 -70.000000 -70.000000 
At time 17.400000-70.000000 10.613285 -70.000000 -70.000000 -70.000000 11.563442 -70.000000 -70.000000 -70.000000 -70.000000 
At time 17.500000-70.000000 11.037844 -70.000000 -70.000000 -70.000000 11.962564 -70.000000 -70.000000 -70.000000 -70.000000 
At time 17.600000-70.000000 11.453606 -70.000000 -70.000000 -70.000000 12.353006 -70.000000 -70.000000 -70.000000 -70.000000 
At time 17.700000-70.000000 11.860594 -70.000000 -70.000000 -70.000000 12.734799 -70.000000 -70.000000 -70.000000 -70.000000 
At time 17.800000-70.000000 12.258834 -70.000000 -70.000000 -70.000000 13.107974 -70.000000 -70.000000 -70.000000 -70.000000 
At time 17.900000-70.000000 12.648354 -70.000000 -70.000000 -70.000000 13.472565 -70.000000 -70.000000 -70.000000 -70.000000 
At time 18.000000-70.000000 13.029183 -70.000000 -70.000000 -70.000000 13.828606 -70.000000 -70.000000 -70.000000 -70.000000 
At time 18.100000-70.000000 13.401357 -70.000000 -70.000000 -70.000000 14.176136 -70.000000 -70.000000 -70.000000 -70.000000 
At time 18.200000-70.000000 13.764909 -70.000000 -70.000000 -70.000000 14.515196 -70.000000 -70.000000 -70.000000 -70.000000 
At time 18.300000-70.000000 14.119877 -70.000000 -70.000000 -70.000000 14.845827 -70.000000 -70.000000 -70.000000 -70.000000 
At time 18.400000-70.000000 14.466301 -70.000000 -70.000000 -70.000000 15.168074 -70.000000 -70.000000 -70.000000 -70.000000 
At time 18.500000-70.000000 14.804222 -70.000000 -70.000000 -70.000000 15.481981 -70.000000 -70.000000 -70.000000 -70.000000 
At time 18.600000-70.000000 15.133683 -70.000000 -70.000000 -70.000000 15.787597 -70.000000 -70.000000 -70.000000 -70.000000 
At time 18.700000-70.000000 15.454730 -70.000000 -70.000000 -70.000000 16.084969 -70.000000 -70.000000 -70.000000 -70.000000 
At time 18.800000-70.000000 15.767410 -70.000000 -70.000000 -70.000000 16.374149 -70.000000 -70.000000 -70.000000 -70.000000 
At time 18.900000-70.000000 16.071772 -70.000000 -70.000000 -70.000000 16.655190 -70.000000 -70.000000 -70.000000 -70.000000 
At time 19.000000-70.000000 16.367865 -70.000000 -70.000000 -70.000000 16.928143 -70.000000 -70.000000 -70.000000 -70.000000 
At time 19.100000-70.000000 16.655741 -70.000000 -70.000000 -70.000000 17.193064 -70.000000 -70.000000 -70.000000 -70.000000 
At time 19.200000-70.000000 16.935453 -70.000000 -70.000000 -70.000000 17.450008 -70.000000 -70.000000 -70.000000 -70.000000 
At time 19.300000-70.000000 17.207058 -70.000000 -70.000000 -70.000000 17.699032 -70.000000 -70.000000 -70.000000 -70.000000 
At time 19.400000-70.000000 17.470610 -70.000000 -70.000000 -70.000000 17.940195 -70.000000 -70.000000 -70.000000 -70.000000 
At time 19.500000-70.000000 17.726164 -70.000000 -70.000000 -70.000000 18.173555 -70.000000 -70.000000 -70.000000 -70.000000 
At time 19.600000-70.000000 17.973780 -70.000000 -70.000000 -70.000000 18.399174 -70.000000 -70.000000 -70.000000 -70.000000 
At time 19.700000-70.000000 18.213516 -70.000000 -70.000000 -70.000000 18.617111 -70.000000 -70.000000 -70.000000 -70.000000 
At time 19.800000-70.000000 18.445435 -70.000000 -70.000000 -70.000000 18.827429 -70.000000 -70.000000 -70.000000 -70.000000 
At time 19.900000-70.000000 18.669596 -70.000000 -70.000000 -70.000000 19.030191 -70.000000 -70.000000 -70.000000 -70.000000 
At time 20.000000-70.000000 18.886061 -70.000000 -70.000000 -70.000000 19.225462 -70.000000 -70.000000 -70.000000 -70.000000 
At time 20.100000-70.000000 19.094893 -70.000000 -70.000000 -70.000000 19.413303 -70.000000 -70.000000 -70.000000 -70.000000 
At time 20.200000-70.000000 19.296156 -70.000000 -70.000000 -70.000000 19.593782 -70.000000 -70.000000 -70.000000 -70.000000 
At time 20.300000-70.000000 19.489914 -70.000000 -70.000000 -70.000000 19.766962 -70.000000 -70.000000 -70.000000 -70.000000 
At time 20.400000-70.000000 19.676233 -70.000000 -70.000000 -70.000000 19.932911 -70.000000 -70.000000 -70.000000 -70.000000 
At time 20.500000-70.000000 19.855179 -70.000000 -70.000000 -70.000000 5 Spiked-70.000000 -70.000000 -70.000000 -70.000000 -70.000000 
At time 20.600000-70.000000 1 Spiked-70.000000 -70.000000 -70.000000 -70.000000 -70.000000 -70.000000 -70.000000 -70.000000 -70.000000 
At time 20.700000-70.000000 -70.000000 -70.000000 -70.000000 -70.000000 -70.000000 -70.000000 -70.000000 -70.000000 -70.000000 
At time 20.800000-70.000000 -70.000000 -70.000000 -70.000000 -70.000000 -70.000000 -70.000000 -70.000000 -70.000000 -70.000000 
At time 20.900000-70.000000 -70.000000 -70.000000 -70.000000 -70.000000 -70.000000 -70.000000 -70.000000 -70.000000 -70.000000 
At time 21.000000-70.000000 -70.000000 -70.000000 -70.000000 -70.000000 -70.000000 -70.000000 -70.000000 -70.000000 -70.000000 
At time 21.100000-70.000000 -70.000000 -70.000000 -70.000000 -70.000000 -70.000000 -70.000000 -70.000000 -70.000000 -70.000000 
At time 21.200000-70.000000 -70.000000 -70.000000 -70.000000 -70.000000 -70.000000 -70.000000 -70.000000 -70.000000 -70.000000 
At time 21.300000-70.000000 -70.000000 -70.000000 -70.000000 -70.000000 -70.000000 -70.000000 -70.000000 -70.000000 -70.000000 
At time 21.400000-70.000000 -70.000000 -70.000000 -70.000000 -70.000000 -70.000000 -70.000000 -70.000000 -70.000000 -70.000000 
At time 21.500000-70.000000 -70.000000 -70.000000 -70.000000 -70.000000 -70.000000 -70.000000 -70.000000 -70.000000 -70.000000 
At time 21.600000-70.000000 -70.000000 -70.000000 -70.000000 -70.000000 -70.000000 -70.000000 -70.000000 -70.000000 -70.000000 
At time 21.700000-70.000000 -70.000000 -70.000000 -70.000000 -70.000000 -70.000000 -70.000000 -70.000000 -70.000000 -70.000000 
At time 21.800000-70.000000 -70.000000 -70.000000 -70.000000 -70.000000 -70.000000 -70.000000 -70.000000 -70.000000 -70.000000 
At time 21.900000-70.000000 -70.000000 -70.000000 -70.000000 -70.000000 -70.000000 -70.000000 -70.000000 -70.000000 -70.000000 
At time 22.000000-70.000000 -70.000000 -70.000000 -70.000000 -70.000000 -70.000000 -70.000000 -70.000000 -70.000000 -70.000000 
At time 22.100000-70.000000 -70.000000 -70.000000 -70.000000 -70.000000 -70.000000 -70.000000 -70.000000 -70.000000 -70.000000 
At time 22.200000-70.000000 -70.000000 -70.000000 -70.000000 -70.000000 -70.000000 -70.000000 -70.000000 -70.000000 -70.000000 
At time 22.300000-70.000000 -70.000000 -70.000000 -70.000000 -70.000000 -70.000000 -70.000000 -70.000000 -70.000000 -70.000000 
At time 22.400000-70.000000 -70.000000 -70.000000 -70.000000 -70.000000 -70.000000 -70.000000 -70.000000 -70.000000 -70.000000 
At time 22.500000-70.000000 -70.000000 -70.000000 -70.000000 -70.000000 -70.000000 -70.000000 -70.000000 -70.000000 -70.000000 
At time 22.600000-70.000000 -70.000000 -70.000000 -70.000000 -70.000000 -69.057076 -70.000000 -70.000000 -70.000000 -70.000000 
At time 22.700000-70.000000 -69.045578 -70.000000 -70.000000 -70.000000 -68.128975 -70.000000 -70.000000 -70.000000 -70.000000 
At time 22.800000-70.000000 -68.106133 -70.000000 -70.000000 -70.000000 -67.215538 -70.000000 -70.000000 -70.000000 -70.000000 
At time 22.900000-70.000000 -67.181503 -70.000000 -70.000000 -70.000000 -66.316605 -70.000000 -70.000000 -70.000000 -70.000000 
At time 23.000000-70.000000 -66.271530 -70.000000 -70.000000 -70.000000 -65.432014 -70.000000 -70.000000 -70.000000 -70.000000 
At time 23.100000-70.000000 -65.376053 -70.000000 -70.000000 -70.000000 -64.561615 -70.000000 -70.000000 -70.000000 -70.000000 
At time 23.200000-70.000000 -64.494919 -70.000000 -70.000000 -70.000000 -63.705246 -70.000000 -70.000000 -70.000000 -70.000000 
At time 23.300000-70.000000 -63.627960 -70.000000 -70.000000 -70.000000 -62.862751 -70.000000 -70.000000 -70.000000 -70.000000 
At time 23.400000-70.000000 -62.775028 -70.000000 -70.000000 -70.000000 -62.033978 -70.000000 -70.000000 -70.000000 -70.000000 
At time 23.500000-70.000000 -61.935963 -70.000000 -70.000000 -70.000000 -61.218773 -70.000000 -70.000000 -70.000000 -70.000000 
At time 23.600000-70.000000 -61.110611 -70.000000 -70.000000 -70.000000 -60.416981 -70.000000 -70.000000 -70.000000 -70.000000 
At time 23.700000-70.000000 -60.298820 -70.000000 -70.000000 -70.000000 -59.628452 -70.000000 -70.000000 -70.000000 -70.000000 
At time 23.800000-70.000000 -59.500439 -70.000000 -70.000000 -70.000000 -58.853039 -70.000000 -70.000000 -70.000000 -70.000000 
At time 23.900000-70.000000 -58.715313 -70.000000 -70.000000 -70.000000 -58.090588 -70.000000 -70.000000 -70.000000 -70.000000 
At time 24.000000-70.000000 -57.943295 -70.000000 -70.000000 -70.000000 -57.340954 -70.000000 -70.000000 -70.000000 -70.000000 
At time 24.100000-70.000000 -57.184235 -70.000000 -70.000000 -70.000000 -56.603992 -70.000000 -70.000000 -70.000000 -70.000000 
At time 24.200000-70.000000 -56.437988 -70.000000 -70.000000 -70.000000 -55.879555 -70.000000 -70.000000 -70.000000 -70.000000 
At time 24.300000-70.000000 -55.704407 -70.000000 -70.000000 -70.000000 -55.167500 -70.000000 -70.000000 -70.000000 -70.000000 
At time 24.400000-70.000000 -54.983345 -70.000000 -70.000000 -70.000000 -54.467682 -70.000000 -70.000000 -70.000000 -70.000000 
At time 24.500000-70.000000 -54.274658 -70.000000 -70.000000 -70.000000 -53.779961 -70.000000 -70.000000 -70.000000 -70.000000 
At time 24.600000-70.000000 -53.578205 -70.000000 -70.000000 -70.000000 -53.104195 -70.000000 -70.000000 -70.000000 -70.000000 
At time 24.700000-70.000000 -52.893841 -70.000000 -70.000000 -70.000000 -52.440247 -70.000000 -70.000000 -70.000000 -70.000000 
At time 24.800000-70.000000 -52.221428 -70.000000 -70.000000 -70.000000 -51.787975 -70.000000 -70.000000 -70.000000 -70.000000 
At time 24.900000-70.000000 -51.560825 -70.000000 -70.000000 -70.000000 -51.147243 -70.000000 -70.000000 -70.000000 -70.000000 
At time 25.000000-70.000000 -50.911896 -70.000000 -70.000000 -70.000000 -50.517918 -70.000000 -70.000000 -70.000000 -70.000000 
At time 25.100000-70.000000 -50.274502 -70.000000 -70.000000 -70.000000 -49.899860 -70.000000 -70.000000 -70.000000 -70.000000 
At time 25.200000-70.000000 -49.648506 -70.000000 -70.000000 -70.000000 -49.292938 -70.000000 -70.000000 -70.000000 -70.000000 
At time 25.300000-70.000000 -49.033775 -70.000000 -70.000000 -70.000000 -48.697018 -70.000000 -70.000000 -70.000000 -70.000000 
At time 25.400000-70.000000 -48.430176 -70.000000 -70.000000 -70.000000 -48.111969 -70.000000 -70.000000 -70.000000 -70.000000 
At time 25.500000-70.000000 -47.837578 -70.000000 -70.000000 -70.000000 -47.537663 -70.000000 -70.000000 -70.000000 -70.000000 
At time 25.600000-70.000000 -47.255844 -70.000000 -70.000000 -70.000000 -46.973969 -70.000000 -70.000000 -70.000000 -70.000000 
At time 25.700000-70.000000 -46.684849 -70.000000 -70.000000 -70.000000 -46.420761 -70.000000 -70.000000 -70.000000 -70.000000 
At time 25.800000-70.000000 -46.124462 -70.000000 -70.000000 -70.000000 -45.877911 -70.000000 -70.000000 -70.000000 -70.000000 
At time 25.900000-70.000000 -45.574554 -70.000000 -70.000000 -70.000000 -45.345291 -70.000000 -70.000000 -70.000000 -70.000000 
At time 26.000000-70.000000 -45.035000 -70.000000 -70.000000 -70.000000 -44.822781 -70.000000 -70.000000 -70.000000 -70.000000 
At time 26.100000-70.000000 -44.505672 -70.000000 -70.000000 -70.000000 -44.310253 -70.000000 -70.000000 -70.000000 -70.000000 
At time 26.200000-70.000000 -43.986450 -70.000000 -70.000000 -70.000000 -43.807590 -70.000000 -70.000000 -70.000000 -70.000000 
At time 26.300000-70.000000 -43.477207 -70.000000 -70.000000 -70.000000 -43.314667 -70.000000 -70.000000 -70.000000 -70.000000 
At time 26.400000-70.000000 -42.977821 -70.000000 -70.000000 -70.000000 -42.831364 -70.000000 -70.000000 -70.000000 -70.000000 
At time 26.500000-70.000000 -42.488171 -70.000000 -70.000000 -70.000000 -42.357563 -70.000000 -70.000000 -70.000000 -70.000000 
At time 26.600000-70.000000 -42.008137 -70.000000 -70.000000 -70.000000 -41.893147 -70.000000 -70.000000 -70.000000 -70.000000 
At time 26.700000-70.000000 -41.537601 -70.000000 -70.000000 -70.000000 -41.438000 -70.000000 -70.000000 -70.000000 -70.000000 
At time 26.800000-70.000000 -41.076447 -70.000000 -70.000000 -70.000000 -40.992004 -70.000000 -70.000000 -70.000000 -70.000000 
At time 26.900000-70.000000 -40.624554 -70.000000 -70.000000 -70.000000 -40.555046 -70.000000 -70.000000 -70.000000 -70.000000 
At time 27.000000-70.000000 -40.181808 -70.000000 -70.000000 -70.000000 -40.127014 -70.000000 -70.000000 -70.000000 -70.000000 
At time 27.100000-70.000000 -39.748096 -70.000000 -70.000000 -70.000000 -39.707794 -70.000000 -70.000000 -70.000000 -70.000000 
At time 27.200000-70.000000 -39.323303 -70.000000 -70.000000 -70.000000 -39.297276 -70.000000 -70.000000 -70.000000 -70.000000 
At time 27.300000-70.000000 -38.907318 -70.000000 -70.000000 -70.000000 -38.895348 -70.000000 -70.000000 -70.000000 -70.000000 
At time 27.400000-70.000000 -38.500031 -70.000000 -70.000000 -70.000000 -38.501900 -70.000000 -70.000000 -70.000000 -70.000000 
At time 27.500000-70.000000 -38.101330 -70.000000 -70.000000 -70.000000 -38.116825 -70.000000 -70.000000 -70.000000 -70.000000 
At time 27.600000-70.000000 -37.711105 -70.000000 -70.000000 -70.000000 -37.740017 -70.000000 -70.000000 -70.000000 -70.000000 
At time 27.700000-70.000000 -37.329250 -70.000000 -70.000000 -70.000000 -37.371372 -70.000000 -70.000000 -70.000000 -70.000000 
At time 27.800000-70.000000 -36.955658 -70.000000 -70.000000 -70.000000 -37.010784 -70.000000 -70.000000 -70.000000 -70.000000 
At time 27.900000-70.000000 -36.590221 -70.000000 -70.000000 -70.000000 -36.658150 -70.000000 -70.000000 -70.000000 -70.000000 
At time 28.000000-70.000000 -36.232838 -70.000000 -70.000000 -70.000000 -36.313362 -70.000000 -70.000000 -70.000000 -70.000000 
At time 28.100000-70.000000 -35.883400 -70.000000 -70.000000 -70.000000 -35.976326 -70.000000 -70.000000 -70.000000 -70.000000 
At time 28.200000-70.000000 -35.541809 -70.000000 -70.000000 -70.000000 -35.646935 -70.000000 -70.000000 -70.000000 -70.000000 
At time 28.300000-70.000000 -35.207962 -70.000000 -70.000000 -70.000000 -35.325092 -70.000000 -70.000000 -70.000000 -70.000000 
At time 28.400000-70.000000 -34.881756 -70.000000 -70.000000 -70.000000 -35.010700 -70.000000 -70.000000 -70.000000 -70.000000 
At time 28.500000-70.000000 -34.563095 -70.000000 -70.000000 -70.000000 -34.703659 -70.000000 -70.000000 -70.000000 -70.000000 
At time 28.600000-70.000000 -34.251877 -70.000000 -70.000000 -70.000000 -34.403873 -70.000000 -70.000000 -70.000000 -70.000000 
At time 28.700000-70.000000 -33.948006 -70.000000 -70.000000 -70.000000 -34.111248 -70.000000 -70.000000 -70.000000 -70.000000 
At time 28.800000-70.000000 -33.651386 -70.000000 -70.000000 -70.000000 -33.825687 -70.000000 -70.000000 -70.000000 -70.000000 
At time 28.900000-70.000000 -33.361919 -70.000000 -70.000000 -70.000000 -33.547100 -70.000000 -70.000000 -70.000000 -70.000000 
At time 29.000000-70.000000 -33.079514 -70.000000 -70.000000 -70.000000 -33.275391 -70.000000 -70.000000 -70.000000 -70.000000 
At time 29.100000-70.000000 -32.804073 -70.000000 -70.000000 -70.000000 -33.010468 -70.000000 -70.000000 -70.000000 -70.000000 
At time 29.200000-70.000000 -32.535507 -70.000000 -70.000000 -70.000000 -32.752239 -70.000000 -70.000000 -70.000000 -70.000000 
At time 29.300000-70.000000 -32.273720 -70.000000 -70.000000 -70.000000 -32.500618 -70.000000 -70.000000 -70.000000 -70.000000 
At time 29.400000-70.000000 -32.018623 -70.000000 -70.000000 -70.000000 -32.255516 -70.000000 -70.000000 -70.000000 -70.000000 
At time 29.500000-70.000000 -31.770130 -70.000000 -70.000000 -70.000000 -32.016842 -70.000000 -70.000000 -70.000000 -70.000000 
At time 29.600000-70.000000 -31.528149 -70.000000 -70.000000 -70.000000 -31.784512 -70.000000 -70.000000 -70.000000 -70.000000 
At time 29.700000-70.000000 -31.292591 -70.000000 -70.000000 -70.000000 -31.558437 -70.000000 -70.000000 -70.000000 -70.000000 
At time 29.800000-70.000000 -31.063370 -70.000000 -70.000000 -70.000000 -31.338535 -70.000000 -70.000000 -70.000000 -70.000000 
At time 29.900000-70.000000 -30.840399 -70.000000 -70.000000 -70.000000 -31.124720 -70.000000 -70.000000 -70.000000 -70.000000 
At time 30.000000-70.000000 -30.623594 -70.000000 -70.000000 -70.000000 -30.916908 -70.000000 -70.000000 -70.000000 -70.000000 
At time 30.100000-70.000000 -30.412870 -70.000000 -70.000000 -70.000000 -30.715017 -70.000000 -70.000000 -70.000000 -70.000000 
At time 30.200000-70.000000 -30.208143 -70.000000 -70.000000 -70.000000 -30.518967 -70.000000 -70.000000 -70.000000 -70.000000 
At time 30.300000-70.000000 -30.009333 -70.000000 -70.000000 -70.000000 -30.328674 -70.000000 -70.000000 -70.000000 -70.000000 
At time 30.400000-70.000000 -29.816355 -70.000000 -70.000000 -70.000000 -30.144062 -70.000000 -70.000000 -70.000000 -70.000000 
At time 30.500000-70.000000 -29.629131 -70.000000 -70.000000 -70.000000 -29.965050 -70.000000 -70.000000 -70.000000 -70.000000 
At time 30.600000-70.000000 -29.447580 -70.000000 -70.000000 -70.000000 -29.791559 -70.000000 -70.000000 -70.000000 -70.000000 
At time 30.700000-70.000000 -29.271624 -70.000000 -70.000000 -70.000000 -29.623514 -70.000000 -70.000000 -70.000000 -70.000000 
At time 30.800000-70.000000 -29.101183 -70.000000 -70.000000 -70.000000 -29.460836 -70.000000 -70.000000 -70.000000 -70.000000 
At time 30.900000-70.000000 -28.936180 -70.000000 -70.000000 -70.000000 -29.303452 -70.000000 -70.000000 -70.000000 -70.000000 
At time 31.000000-70.000000 -28.776539 -70.000000 -70.000000 -70.000000 -29.151285 -70.000000 -70.000000 -70.000000 -70.000000 
At time 31.100000-70.000000 -28.622185 -70.000000 -70.000000 -70.000000 -29.004263 -70.000000 -70.000000 -70.000000 -70.000000 
At time 31.200000-70.000000 -28.473042 -70.000000 -70.000000 -70.000000 -28.862312 -70.000000 -70.000000 -70.000000 -70.000000 
At time 31.300000-70.000000 -28.329037 -70.000000 -70.000000 -70.000000 -28.725361 -70.000000 -70.000000 -70.000000 -70.000000 
At time 31.400000-70.000000 -28.190098 -70.000000 -70.000000 -70.000000 -28.593336 -70.000000 -70.000000 -70.000000 -70.000000 
At time 31.500000-70.000000 -28.056150 -70.000000 -70.000000 -70.000000 -28.466169 -70.000000 -70.000000 -70.000000 -70.000000 
At time 31.600000-70.000000 -27.927124 -70.000000 -70.000000 -70.000000 -28.343790 -70.000000 -70.000000 -70.000000 -70.000000 
At time 31.700000-70.000000 -27.802948 -70.000000 -70.000000 -70.000000 -28.226128 -70.000000 -70.000000 -70.000000 -70.000000 
At time 31.800000-70.000000 -27.683552 -70.000000 -70.000000 -70.000000 -28.113115 -70.000000 -70.000000 -70.000000 -70.000000 
At time 31.900000-70.000000 -27.568867 -70.000000 -70.000000 -70.000000 -28.004684 -70.000000 -70.000000 -70.000000 -70.000000 
At time 32.000000-70.000000 -27.458824 -70.000000 -70.000000 -70.000000 -27.900768 -70.000000 -70.000000 -70.000000 -70.000000 
At time 32.100000-70.000000 -27.353357 -70.000000 -70.000000 -70.000000 -27.801302 -70.000000 -70.000000 -70.000000 -70.000000 
At time 32.200000-70.000000 -27.252398 -70.000000 -70.000000 -70.000000 -27.706219 -70.000000 -70.000000 -70.000000 -70.000000 
At time 32.300000-70.000000 -27.155880 -70.000000 -70.000000 -70.000000 -27.615456 -70.000000 -70.000000 -70.000000 -70.000000 
At time 32.400000-70.000000 -27.063740 -70.000000 -70.000000 -70.000000 -27.528948 -70.000000 -70.000000 -70.000000 -70.000000 
At time 32.500000-70.000000 -26.975912 -70.000000 -70.000000 -70.000000 -27.446632 -70.000000 -70.000000 -70.000000 -70.000000 
At time 32.600000-70.000000 -26.892332 -70.000000 -70.000000 -70.000000 -27.368448 -70.000000 -70.000000 -70.000000 -70.000000 
At time 32.700000-70.000000 -26.812937 -70.000000 -70.000000 -70.000000 -27.294333 -70.000000 -70.000000 -70.000000 -70.000000 
At time 32.800000-70.000000 -26.737665 -70.000000 -70.000000 -70.000000 -27.224224 -70.000000 -70.000000 -70.000000 -70.000000 
At time 32.900000-70.000000 -26.666454 -70.000000 -70.000000 -70.000000 -27.158062 -70.000000 -70.000000 -70.000000 -70.000000 
At time 33.000000-70.000000 -26.599243 -70.000000 -70.000000 -70.000000 -27.095789 -70.000000 -70.000000 -70.000000 -70.000000 
At time 33.100000-70.000000 -26.535973 -70.000000 -70.000000 -70.000000 -27.037344 -70.000000 -70.000000 -70.000000 -70.000000 
At time 33.200000-70.000000 -26.476582 -70.000000 -70.000000 -70.000000 -26.982670 -70.000000 -70.000000 -70.000000 -70.000000 
At time 33.300000-70.000000 -26.421013 -70.000000 -70.000000 -70.000000 -26.931709 -70.000000 -70.000000 -70.000000 -70.000000 
At time 33.400000-70.000000 -26.369207 -70.000000 -70.000000 -70.000000 -26.884405 -70.000000 -70.000000 -70.000000 -70.000000 
At time 33.500000-70.000000 -26.321108 -70.000000 -70.000000 -70.000000 -26.840700 -70.000000 -70.000000 -70.000000 -70.000000 
At time 33.600000-70.000000 -26.276657 -70.000000 -70.000000 -70.000000 -26.800541 -70.000000 -70.000000 -70.000000 -70.000000 
At time 33.700000-70.000000 -26.235798 -70.000000 -70.000000 -70.000000 -26.763872 -70.000000 -70.000000 -70.000000 -70.000000 
At time 33.800000-70.000000 -26.198475 -70.000000 -70.000000 -70.000000 -26.730639 -70.000000 -70.000000 -70.000000 -70.000000 
At time 33.900000-70.000000 -26.164635 -70.000000 -70.000000 -70.000000 -26.700787 -70.000000 -70.000000 -70.000000 -70.000000 
At time 34.000000-70.000000 -26.134222 -70.000000 -70.000000 -70.000000 -26.674265 -70.000000 -70.000000 -70.000000 -70.000000 
At time 34.100000-70.000000 -26.107183 -70.000000 -70.000000 -70.000000 -26.651020 -70.000000 -70.000000 -70.000000 -70.000000 
At time 34.200000-70.000000 -26.083467 -70.000000 -70.000000 -70.000000 -26.630999 -70.000000 -70.000000 -70.000000 -70.000000 
At time 34.300000-70.000000 -26.063021 -70.000000 -70.000000 -70.000000 -26.614153 -70.000000 -70.000000 -70.000000 -70.000000 
At time 34.400000-70.000000 -26.045790 -70.000000 -70.000000 -70.000000 -26.600430 -70.000000 -70.000000 -70.000000 -70.000000 
At time 34.500000-70.000000 -26.031725 -70.000000 -70.000000 -70.000000 -26.589781 -70.000000 -70.000000 -70.000000 -70.000000 
At time 34.600000-70.000000 -26.020777 -70.000000 -70.000000 -70.000000 -26.582157 -70.000000 -70.000000 -70.000000 -70.000000 
At time 34.700000-70.000000 -26.012894 -70.000000 -70.000000 -70.000000 -26.577509 -70.000000 -70.000000 -70.000000 -70.000000 
At time 34.800000-70.000000 -26.008028 -70.000000 -70.000000 -70.000000 -26.575788 -70.000000 -70.000000 -70.000000 -70.000000 
At time 34.900000-70.000000 -26.006130 -70.000000 -70.000000 -70.000000 -26.576948 -70.000000 -70.000000 -70.000000 -70.000000 
At time 35.000000-70.000000 -26.007151 -70.000000 -70.000000 -70.000000 -26.580942 -70.000000 -70.000000 -70.000000 -70.000000 
At time 35.100000-70.000000 -26.011044 -70.000000 -70.000000 -70.000000 -26.587723 -70.000000 -70.000000 -70.000000 -70.000000 
At time 35.200000-70.000000 -26.017761 -70.000000 -70.000000 -70.000000 -26.597244 -70.000000 -70.000000 -70.000000 -70.000000 
At time 35.300000-70.000000 -26.027258 -70.000000 -70.000000 -70.000000 -26.609461 -70.000000 -70.000000 -70.000000 -70.000000 
At time 35.400000-70.000000 -26.039488 -70.000000 -70.000000 -70.000000 -26.624329 -70.000000 -70.000000 -70.000000 -70.000000 
At time 35.500000-70.000000 -26.054405 -70.000000 -70.000000 -70.000000 -26.641804 -70.000000 -70.000000 -70.000000 -70.000000 
At time 35.600000-70.000000 -26.071966 -70.000000 -70.000000 -70.000000 -26.661842 -70.000000 -70.000000 -70.000000 -70.000000 
At time 35.700000-70.000000 -26.092125 -70.000000 -70.000000 -70.000000 -26.684401 -70.000000 -70.000000 -70.000000 -70.000000 
At time 35.800000-70.000000 -26.114840 -70.000000 -70.000000 -70.000000 -26.709436 -70.000000 -70.000000 -70.000000 -70.000000 
At time 35.900000-70.000000 -26.140066 -70.000000 -70.000000 -70.000000 -26.736908 -70.000000 -70.000000 -70.000000 -70.000000 
At time 36.000000-70.000000 -26.167761 -70.000000 -70.000000 -70.000000 -26.766775 -70.000000 -70.000000 -70.000000 -70.000000 
At time 36.100000-70.000000 -26.197884 -70.000000 -70.000000 -70.000000 -26.798994 -70.000000 -70.000000 -70.000000 -70.000000 
At time 36.200000-70.000000 -26.230391 -70.000000 -70.000000 -70.000000 -26.833527 -70.000000 -70.000000 -70.000000 -70.000000 
At time 36.300000-70.000000 -26.265244 -70.000000 -70.000000 -70.000000 -26.870331 -70.000000 -70.000000 -70.000000 -70.000000 
At time 36.400000-70.000000 -26.302401 -70.000000 -70.000000 -70.000000 -26.909369 -70.000000 -70.000000 -70.000000 -70.000000 
At time 36.500000-70.000000 -26.341822 -70.000000 -70.000000 -70.000000 -26.950600 -70.000000 -70.000000 -70.000000 -70.000000 
At time 36.600000-70.000000 -26.383467 -70.000000 -70.000000 -70.000000 -26.993988 -70.000000 -70.000000 -70.000000 -70.000000 
At time 36.700000-70.000000 -26.427298 -70.000000 -70.000000 -70.000000 -27.039494 -70.000000 -70.000000 -70.000000 -70.000000 
At time 36.800000-70.000000 -26.473274 -70.000000 -70.000000 -70.000000 -27.087078 -70.000000 -70.000000 -70.000000 -70.000000 
At time 36.900000-70.000000 -26.521360 -70.000000 -70.000000 -70.000000 -27.136705 -70.000000 -70.000000 -70.000000 -70.000000 
At time 37.000000-70.000000 -26.571518 -70.000000 -70.000000 -70.000000 -27.188339 -70.000000 -70.000000 -70.000000 -70.000000 
At time 37.100000-70.000000 -26.623709 -70.000000 -70.000000 -70.000000 -27.241943 -70.000000 -70.000000 -70.000000 -70.000000 
At time 37.200000-70.000000 -26.677898 -70.000000 -70.000000 -70.000000 -27.297482 -70.000000 -70.000000 -70.000000 -70.000000 
At time 37.300000-70.000000 -26.734049 -70.000000 -70.000000 -70.000000 -27.354919 -70.000000 -70.000000 -70.000000 -70.000000 
At time 37.400000-70.000000 -26.792124 -70.000000 -70.000000 -70.000000 -27.414221 -70.000000 -70.000000 -70.000000 -70.000000 
At time 37.500000-70.000000 -26.852089 -70.000000 -70.000000 -70.000000 -27.475351 -70.000000 -70.000000 -70.000000 -70.000000 
At time 37.600000-70.000000 -26.913910 -70.000000 -70.000000 -70.000000 -27.538279 -70.000000 -70.000000 -70.000000 -70.000000 
At time 37.700000-70.000000 -26.977552 -70.000000 -70.000000 -70.000000 -27.602968 -70.000000 -70.000000 -70.000000 -70.000000 
At time 37.800000-70.000000 -27.042982 -70.000000 -70.000000 -70.000000 -27.669386 -70.000000 -70.000000 -70.000000 -70.000000 
At time 37.900000-70.000000 -27.110165 -70.000000 -70.000000 -70.000000 -27.737501 -70.000000 -70.000000 -70.000000 -70.000000 
At time 38.000000-70.000000 -27.179068 -70.000000 -70.000000 -70.000000 -27.807280 -70.000000 -70.000000 -70.000000 -70.000000 
At time 38.100000-70.000000 -27.249659 -70.000000 -70.000000 -70.000000 -27.878691 -70.000000 -70.000000 -70.000000 -70.000000 
At time 38.200000-70.000000 -27.321905 -70.000000 -70.000000 -70.000000 -27.951702 -70.000000 -70.000000 -70.000000 -70.000000 
At time 38.300000-70.000000 -27.395775 -70.000000 -70.000000 -70.000000 -28.026283 -70.000000 -70.000000 -70.000000 -70.000000 
At time 38.400000-70.000000 -27.471237 -70.000000 -70.000000 -70.000000 -28.102406 -70.000000 -70.000000 -70.000000 -70.000000 
At time 38.500000-70.000000 -27.548260 -70.000000 -70.000000 -70.000000 -28.180037 -70.000000 -70.000000 -70.000000 -70.000000 
At time 38.600000-70.000000 -27.626812 -70.000000 -70.000000 -70.000000 -28.259146 -70.000000 -70.000000 -70.000000 -70.000000 
At time 38.700000-70.000000 -27.706865 -70.000000 -70.000000 -70.000000 -28.339705 -70.000000 -70.000000 -70.000000 -70.000000 
At time 38.800000-70.000000 -27.788389 -70.000000 -70.000000 -70.000000 -28.421684 -70.000000 -70.000000 -70.000000 -70.000000 
At time 38.900000-70.000000 -27.871353 -70.000000 -70.000000 -70.000000 -28.505056 -70.000000 -70.000000 -70.000000 -70.000000 
At time 39.000000-70.000000 -27.955729 -70.000000 -70.000000 -70.000000 -28.589792 -70.000000 -70.000000 -70.000000 -70.000000 
At time 39.100000-70.000000 -28.041489 -70.000000 -70.000000 -70.000000 -28.675863 -70.000000 -70.000000 -70.000000 -70.000000 
At time 39.200000-70.000000 -28.128603 -70.000000 -70.000000 -70.000000 -28.763243 -70.000000 -70.000000 -70.000000 -70.000000 
At time 39.300000-70.000000 -28.217043 -70.000000 -70.000000 -70.000000 -28.851904 -70.000000 -70.000000 -70.000000 -70.000000 
At time 39.400000-70.000000 -28.306784 -70.000000 -70.000000 -70.000000 -28.941818 -70.000000 -70.000000 -70.000000 -70.000000 
At time 39.500000-70.000000 -28.397797 -70.000000 -70.000000 -70.000000 -29.032961 -70.000000 -70.000000 -70.000000 -70.000000 
At time 39.600000-70.000000 -28.490053 -70.000000 -70.000000 -70.000000 -29.125305 -70.000000 -70.000000 -70.000000 -70.000000 
At time 39.700000-70.000000 -28.583529 -70.000000 -70.000000 -70.000000 -29.218824 -70.000000 -70.000000 -70.000000 -70.000000 
At time 39.800000-70.000000 -28.678198 -70.000000 -70.000000 -70.000000 -29.313494 -70.000000 -70.000000 -70.000000 -70.000000 
At time 39.900000-70.000000 -28.774033 -70.000000 -70.000000 -70.000000 -29.409288 -70.000000 -70.000000 -70.000000 -70.000000 
At time 40.000000-70.000000 -28.871010 -70.000000 -70.000000 -70.000000 -29.506184 -70.000000 -70.000000 -70.000000 -70.000000 
At time 40.100000-70.000000 -28.969103 -70.000000 -70.000000 -70.000000 -29.604155 -70.000000 -70.000000 -70.000000 -70.000000 
At time 40.200000-70.000000 -29.068287 -70.000000 -70.000000 -70.000000 -29.703178 -70.000000 -70.000000 -70.000000 -70.000000 
At time 40.300000-70.000000 -29.168537 -70.000000 -70.000000 -70.000000 -29.803230 -70.000000 -70.000000 -70.000000 -70.000000 
At time 40.400000-70.000000 -29.269831 -70.000000 -70.000000 -70.000000 -29.904285 -70.000000 -70.000000 -70.000000 -70.000000 
At time 40.500000-70.000000 -29.372143 -70.000000 -70.000000 -70.000000 -30.006323 -70.000000 -70.000000 -70.000000 -70.000000 
At time 40.600000-70.000000 -29.475451 -70.000000 -70.000000 -70.000000 -30.109318 -70.000000 -70.000000 -70.000000 -70.000000 
At time 40.700000-70.000000 -29.579731 -70.000000 -70.000000 -70.000000 -30.213249 -70.000000 -70.000000 -70.000000 -70.000000 
At time 40.800000-70.000000 -29.684961 -70.000000 -70.000000 -70.000000 -30.318094 -70.000000 -70.000000 -70.000000 -70.000000 
At time 40.900000-70.000000 -29.791119 -70.000000 -70.000000 -70.000000 -30.423832 -70.000000 -70.000000 -70.000000 -70.000000 
At time 41.000000-70.000000 -29.898180 -70.000000 -70.000000 -70.000000 -30.530439 -70.000000 -70.000000 -70.000000 -70.000000 
At time 41.100000-70.000000 -30.006124 -70.000000 -70.000000 -70.000000 -30.637896 -70.000000 -70.000000 -70.000000 -70.000000 
At time 41.200000-70.000000 -30.114929 -70.000000 -70.000000 -70.000000 -30.746180 -70.000000 -70.000000 -70.000000 -70.000000 
At time 41.300000-70.000000 -30.224575 -70.000000 -70.000000 -70.000000 -30.855270 -70.000000 -70.000000 -70.000000 -70.000000 
At time 41.400000-70.000000 -30.335039 -70.000000 -70.000000 -70.000000 -30.965147 -70.000000 -70.000000 -70.000000 -70.000000 
At time 41.500000-70.000000 -30.446302 -70.000000 -70.000000 -70.000000 -31.075790 -70.000000 -70.000000 -70.000000 -70.000000 
At time 41.600000-70.000000 -30.558342 -70.000000 -70.000000 -70.000000 -31.187180 -70.000000 -70.000000 -70.000000 -70.000000 
At time 41.700000-70.000000 -30.671139 -70.000000 -70.000000 -70.000000 -31.299295 -70.000000 -70.000000 -70.000000 -70.000000 
At time 41.800000-70.000000 -30.784674 -70.000000 -70.000000 -70.000000 -31.412119 -70.000000 -70.000000 -70.000000 -70.000000 
At time 41.900000-70.000000 -30.898926 -70.000000 -70.000000 -70.000000 -31.525631 -70.000000 -70.000000 -70.000000 -70.000000 
At time 42.000000-70.000000 -31.013878 -70.000000 -70.000000 -70.000000 -31.639812 -70.000000 -70.000000 -70.000000 -70.000000 
At time 42.100000-70.000000 -31.129509 -70.000000 -70.000000 -70.000000 -31.754646 -70.000000 -70.000000 -70.000000 -70.000000 
At time 42.200000-70.000000 -31.245800 -70.000000 -70.000000 -70.000000 -31.870111 -70.000000 -70.000000 -70.000000 -70.000000 
At time 42.300000-70.000000 -31.362734 -70.000000 -70.000000 -70.000000 -31.986193 -70.000000 -70.000000 -70.000000 -70.000000 
At time 42.400000-70.000000 -31.480291 -70.000000 -70.000000 -70.000000 -32.102871 -70.000000 -70.000000 -70.000000 -70.000000 
At time 42.500000-70.000000 -31.598455 -70.000000 -70.000000 -70.000000 -32.220127 -70.000000 -70.000000 -70.000000 -70.000000 
At time 42.600000-70.000000 -31.717207 -70.000000 -70.000000 -70.000000 -32.337948 -70.000000 -70.000000 -70.000000 -70.000000 
At time 42.700000-70.000000 -31.836529 -70.000000 -70.000000 -70.000000 -32.456310 -70.000000 -70.000000 -70.000000 -70.000000 
At time 42.800000-70.000000 -31.956404 -70.000000 -70.000000 -70.000000 -32.575203 -70.000000 -70.000000 -70.000000 -70.000000 
At time 42.900000-70.000000 -32.076817 -70.000000 -70.000000 -70.000000 -32.694607 -70.000000 -70.000000 -70.000000 -70.000000 
At time 43.000000-70.000000 -32.197746 -70.000000 -70.000000 -70.000000 -32.814507 -70.000000 -70.000000 -70.000000 -70.000000 
At time 43.100000-70.000000 -32.319180 -70.000000 -70.000000 -70.000000 -32.934887 -70.000000 -70.000000 -70.000000 -70.000000 
At time 43.200000-70.000000 -32.441101 -70.000000 -70.000000 -70.000000 -33.055729 -70.000000 -70.000000 -70.000000 -70.000000 
At time 43.300000-70.000000 -32.563492 -70.000000 -70.000000 -70.000000 -33.177017 -70.000000 -70.000000 -70.000000 -70.000000 
At time 43.400000-70.000000 -32.686337 -70.000000 -70.000000 -70.000000 -33.298740 -70.000000 -70.000000 -70.000000 -70.000000 
At time 43.500000-70.000000 -32.809620 -70.000000 -70.000000 -70.000000 -33.420879 -70.000000 -70.000000 -70.000000 -70.000000 
At time 43.600000-70.000000 -32.933331 -70.000000 -70.000000 -70.000000 -33.543423 -70.000000 -70.000000 -70.000000 -70.000000 
At time 43.700000-70.000000 -33.057449 -70.000000 -70.000000 -70.000000 -33.666351 -70.000000 -70.000000 -70.000000 -70.000000 
At time 43.800000-70.000000 -33.181961 -70.000000 -70.000000 -70.000000 -33.789654 -70.000000 -70.000000 -70.000000 -70.000000 
At time 43.900000-70.000000 -33.306850 -70.000000 -70.000000 -70.000000 -33.913315 -70.000000 -70.000000 -70.000000 -70.000000 
At time 44.000000-70.000000 -33.432106 -70.000000 -70.000000 -70.000000 -34.037323 -70.000000 -70.000000 -70.000000 -70.000000 
At time 44.100000-70.000000 -33.557709 -70.000000 -70.000000 -70.000000 -34.161659 -70.000000 -70.000000 -70.000000 -70.000000 
At time 44.200000-70.000000 -33.683651 -70.000000 -70.000000 -70.000000 -34.286312 -70.000000 -70.000000 -70.000000 -70.000000 
At time 44.300000-70.000000 -33.809914 -70.000000 -70.000000 -70.000000 -34.411270 -70.000000 -70.000000 -70.000000 -70.000000 
At time 44.400000-70.000000 -33.936485 -70.000000 -70.000000 -70.000000 -34.536518 -70.000000 -70.000000 -70.000000 -70.000000 
At time 44.500000-70.000000 -34.063351 -70.000000 -70.000000 -70.000000 -34.662045 -70.000000 -70.000000 -70.000000 -70.000000 
At time 44.600000-70.000000 -34.190498 -70.000000 -70.000000 -70.000000 -34.787834 -70.000000 -70.000000 -70.000000 -70.000000 
At time 44.700000-70.000000 -34.317917 -70.000000 -70.000000 -70.000000 -34.913876 -70.000000 -70.000000 -70.000000 -70.000000 
At time 44.800000-70.000000 -34.445591 -70.000000 -70.000000 -70.000000 -35.040157 -70.000000 -70.000000 -70.000000 -70.000000 
At time 44.900000-70.000000 -34.573509 -70.000000 -70.000000 -70.000000 -35.166668 -70.000000 -70.000000 -70.000000 -70.000000 
At time 45.000000-70.000000 -34.701656 -70.000000 -70.000000 -70.000000 -35.293392 -70.000000 -70.000000 -70.000000 -70.000000 
At time 45.100000-70.000000 -34.830021 -70.000000 -70.000000 -70.000000 -35.420319 -70.000000 -70.000000 -70.000000 -70.000000 
At time 45.200000-70.000000 -34.958595 -70.000000 -70.000000 -70.000000 -35.547436 -70.000000 -70.000000 -70.000000 -70.000000 
At time 45.300000-70.000000 -35.087364 -70.000000 -70.000000 -70.000000 -35.674732 -70.000000 -70.000000 -70.000000 -70.000000 
At time 45.400000-70.000000 -35.216316 -70.000000 -70.000000 -70.000000 -35.802200 -70.000000 -70.000000 -70.000000 -70.000000 
At time 45.500000-70.000000 -35.345436 -70.000000 -70.000000 -70.000000 -35.929825 -70.000000 -70.000000 -70.000000 -70.000000 
At time 45.600000-70.000000 -35.474716 -70.000000 -70.000000 -70.000000 -36.057594 -70.000000 -70.000000 -70.000000 -70.000000 
At time 45.700000-70.000000 -35.604145 -70.000000 -70.000000 -70.000000 -36.185497 -70.000000 -70.000000 -70.000000 -70.000000 
At time 45.800000-70.000000 -35.733711 -70.000000 -70.000000 -70.000000 -36.313526 -70.000000 -70.000000 -70.000000 -70.000000 
At time 45.900000-70.000000 -35.863407 -70.000000 -70.000000 -70.000000 -36.441669 -70.000000 -70.000000 -70.000000 -70.000000 
At time 46.000000-70.000000 -35.993217 -70.000000 -70.000000 -70.000000 -36.569916 -70.000000 -70.000000 -70.000000 -70.000000 
At time 46.100000-70.000000 -36.123135 -70.000000 -70.000000 -70.000000 -36.698257 -70.000000 -70.000000 -70.000000 -70.000000 
At time 46.200000-70.000000 -36.253147 -70.000000 -70.000000 -70.000000 -36.826683 -70.000000 -70.000000 -70.000000 -70.000000 
At time 46.300000-70.000000 -36.383244 -70.000000 -70.000000 -70.000000 -36.955181 -70.000000 -70.000000 -70.000000 -70.000000 
At time 46.400000-70.000000 -36.513416 -70.000000 -70.000000 -70.000000 -37.083744 -70.000000 -70.000000 -70.000000 -70.000000 
At time 46.500000-70.000000 -36.643654 -70.000000 -70.000000 -70.000000 -37.212360 -70.000000 -70.000000 -70.000000 -70.000000 
At time 46.600000-70.000000 -36.773949 -70.000000 -70.000000 -70.000000 -37.341022 -70.000000 -70.000000 -70.000000 -70.000000 
At time 46.700000-70.000000 -36.904289 -70.000000 -70.000000 -70.000000 -37.469719 -70.000000 -70.000000 -70.000000 -70.000000 
At time 46.800000-70.000000 -37.034664 -70.000000 -70.000000 -70.000000 -37.598442 -70.000000 -70.000000 -70.000000 -70.000000 
At time 46.900000-70.000000 -37.165070 -70.000000 -70.000000 -70.000000 -37.727180 -70.000000 -70.000000 -70.000000 -70.000000 
At time 47.000000-70.000000 -37.295494 -70.000000 -70.000000 -70.000000 -37.855930 -70.000000 -70.000000 -70.000000 -70.000000 
At time 47.100000-70.000000 -37.425926 -70.000000 -70.000000 -70.000000 -37.984680 -70.000000 -70.000000 -70.000000 -70.000000 
At time 47.200000-70.000000 -37.556358 -70.000000 -70.000000 -70.000000 -38.113422 -70.000000 -70.000000 -70.000000 -70.000000 
At time 47.300000-70.000000 -37.686783 -70.000000 -70.000000 -70.000000 -38.242146 -70.000000 -70.000000 -70.000000 -70.000000 
At time 47.400000-70.000000 -37.817192 -70.000000 -70.000000 -70.000000 -38.370846 -70.000000 -70.000000 -70.000000 -70.000000 
At time 47.500000-70.000000 -37.947575 -70.000000 -70.000000 -70.000000 -38.499512 -70.000000 -70.000000 -70.000000 -70.000000 
At time 47.600000-70.000000 -38.077927 -70.000000 -70.000000 -70.000000 -38.628136 -70.000000 -70.000000 -70.000000 -70.000000 
At time 47.700000-70.000000 -38.208237 -70.000000 -70.000000 -70.000000 -38.756710 -70.000000 -70.000000 -70.000000 -70.000000 
At time 47.800000-70.000000 -38.338497 -70.000000 -70.000000 -70.000000 -38.885227 -70.000000 -70.000000 -70.000000 -70.000000 
At time 47.900000-70.000000 -38.468700 -70.000000 -70.000000 -70.000000 -39.013683 -70.000000 -70.000000 -70.000000 -70.000000 
At time 48.000000-70.000000 -38.598839 -70.000000 -70.000000 -70.000000 -39.142067 -70.000000 -70.000000 -70.000000 -70.000000 
At time 48.100000-70.000000 -38.728905 -70.000000 -70.000000 -70.000000 -39.270370 -70.000000 -70.000000 -70.000000 -70.000000 
At time 48.200000-70.000000 -38.858894 -70.000000 -70.000000 -70.000000 -39.398590 -70.000000 -70.000000 -70.000000 -70.000000 
At time 48.300000-70.000000 -38.988796 -70.000000 -70.000000 -70.000000 -39.526714 -70.000000 -70.000000 -70.000000 -70.000000 
At time 48.400000-70.000000 -39.118603 -70.000000 -70.000000 -70.000000 -39.654739 -70.000000 -70.000000 -70.000000 -70.000000 
At time 48.500000-70.000000 -39.248310 -70.000000 -70.000000 -70.000000 -39.782658 -70.000000 -70.000000 -70.000000 -70.000000 
At time 48.600000-70.000000 -39.377907 -70.000000 -70.000000 -70.000000 -39.910461 -70.000000 -70.000000 -70.000000 -70.000000 
At time 48.700000-70.000000 -39.507389 -70.000000 -70.000000 -70.000000 -40.038143 -70.000000 -70.000000 -70.000000 -70.000000 
At time 48.800000-70.000000 -39.636749 -70.000000 -70.000000 -70.000000 -40.165699 -70.000000 -70.000000 -70.000000 -70.000000 
At time 48.900000-70.000000 -39.765984 -70.000000 -70.000000 -70.000000 -40.293121 -70.000000 -70.000000 -70.000000 -70.000000 
At time 49.000000-70.000000 -39.895084 -70.000000 -70.000000 -70.000000 -40.420406 -70.000000 -70.000000 -70.000000 -70.000000 
At time 49.100000-70.000000 -40.024044 -70.000000 -70.000000 -70.000000 -40.547546 -70.000000 -70.000000 -70.000000 -70.000000 
At time 49.200000-70.000000 -40.152855 -70.000000 -70.000000 -70.000000 -40.674534 -70.000000 -70.000000 -70.000000 -70.000000 
At time 49.300000-70.000000 -40.281513 -70.000000 -70.000000 -70.000000 -40.801365 -70.000000 -70.000000 -70.000000 -70.000000 
At time 49.400000-70.000000 -40.410015 -70.000000 -70.000000 -70.000000 -40.928032 -70.000000 -70.000000 -70.000000 -70.000000 
At time 49.500000-70.000000 -40.538349 -70.000000 -70.000000 -70.000000 -41.054531 -70.000000 -70.000000 -70.000000 -70.000000 
At time 49.600000-70.000000 -40.666515 -70.000000 -70.000000 -70.000000 -41.180855 -70.000000 -70.000000 -70.000000 -70.000000 
At time 49.700000-70.000000 -40.794502 -70.000000 -70.000000 -70.000000 -41.306999 -70.000000 -70.000000 -70.000000 -70.000000 
At time 49.800000-70.000000 -40.922310 -70.000000 -70.000000 -70.000000 -41.432957 -70.000000 -70.000000 -70.000000 -70.000000 
At time 49.900000-70.000000 -41.049927 -70.000000 -70.000000 -70.000000 -41.558723 -70.000000 -70.000000 -70.000000 -70.000000 
Spikes for neuron 0: 0
Spikes for neuron 1: 1
Spikes for neuron 2: 1
Spikes for neuron 3: 1
Spikes for neuron 4: 1
Spikes for neuron 5: 1
Spikes for neuron 6: 0
Spikes for neuron 7: 0
Spikes for neuron 8: 0
Spikes for neuron 9: 0
